***->TUNNEL<-***

Count:697

 1412 | 542 | -1 |
 1412 | 1413 | 1 |
 645 | 1413 | 1 |



***->TUNNEL<-***

Count:698

 1412 | 1413 | 1 |
 1412 | 753 | -1 |
 645 | 1413 | 1 |



***->TUNNEL<-***

Count:700

 753 | 1356 | 1 |
 1356 | 1355 | 1 |
 1412 | 753 | -1 |



***->TUNNEL<-***

Count:700

 1412 | 1413 | 1 |
 753 | 1356 | -1 |
 645 | 1413 | 1 |



***->TUNNEL<-***

Count:701

 1412 | 1413 | 1 |
 1356 | 1355 | -1 |
 645 | 1413 | 1 |



***->TUNNEL<-***

Count:702

 1355 | 756 | -1 |
 1412 | 1413 | 1 |
 645 | 1413 | 1 |



***->TUNNEL<-***

Count:703

 1412 | 1413 | 1 |
 756 | 833 | -1 |
 645 | 1413 | 1 |



***->TUNNEL<-***

Count:704

 1412 | 1413 | 1 |
 833 | 887 | -1 |
 645 | 1413 | 1 |



***->TUNNEL<-***

Count:708

 887 | 1249 | 1 |
 833 | 887 | -1 |
 1249 | 1219 | 1 |
 1249 | 1213 | 1 |
 1249 | 907 | 1 |



***->TUNNEL<-***

Count:709

 887 | 1249 | 1 |
 1249 | 1219 | 1 |
 1219 | 887 | -1 |
 1249 | 1213 | 1 |
 1249 | 907 | 1 |



***->TUNNEL<-***

Count:708

 887 | 1249 | -1 |
 1412 | 1413 | 1 |
 645 | 1413 | 1 |



***->TUNNEL<-***

Count:710

 887 | 1249 | -1 |
 1249 | 1213 | 1 |
 1213 | 916 | 1 |



***->TUNNEL<-***

Count:710

 1412 | 1413 | 1 |
 645 | 1413 | 1 |
 1249 | 1213 | -1 |

