0        -5 | 1 | 4 | 7 | 11 | -1 |
1        -5 | 1 | 4 | 7 | 11 | -2 |
2        -5 | 1 | 4 | 7 | 11 | -2 |
3        -5 | 1 | 4 | 7 | 11 | -2 |
4        -6 | 1 | 3 | 6 | 8 | 11 | -1 |
5        -6 | 1 | 3 | 6 | 10 | 11 | -1 |
6        -6 | 1 | 3 | 6 | 8 | 11 | -2 |
7        -6 | 1 | 3 | 6 | 8 | 11 | -2 |
8        -6 | 1 | 3 | 6 | 8 | 11 | -2 |
9        -6 | 1 | 3 | 6 | 8 | 11 | -2 |
10       -6 | 1 | 3 | 6 | 8 | 11 | -2 |
11       -6 | 1 | 3 | 6 | 8 | 11 | -2 |
12       -6 | 1 | 3 | 6 | 8 | 11 | -2 |
13       -6 | 1 | 3 | 6 | 10 | 11 | -2 |
14       -6 | 1 | 3 | 6 | 10 | 11 | -2 |
15       -6 | 1 | 3 | 6 | 10 | 11 | -2 |
16       -6 | 1 | 3 | 6 | 8 | 11 | -2 |
17       -6 | 1 | 3 | 6 | 10 | 11 | -2 |
18       -6 | 1 | 3 | 6 | 8 | 11 | -2 |
19       -6 | 1 | 4 | 6 | 10 | 11 | -1 |
20       -6 | 1 | 4 | 6 | 8 | 11 | -1 |
21       -6 | 1 | 4 | 6 | 8 | 11 | -2 |
22       -6 | 1 | 4 | 6 | 8 | 11 | -2 |
23       -6 | 1 | 4 | 6 | 10 | 11 | -2 |
24       -7 | 1 | 3 | 6 | 4 | 7 | 11 | -1 |
25       -7 | 1 | 3 | 6 | 4 | 7 | 11 | -2 |
26       -7 | 1 | 3 | 6 | 4 | 7 | 11 | -2 |
27       -7 | 1 | 3 | 6 | 4 | 7 | 11 | -2 |
28       -7 | 1 | 3 | 6 | 4 | 7 | 11 | -2 |
29       -7 | 1 | 3 | 6 | 4 | 7 | 11 | -2 |
30       -7 | 1 | 3 | 6 | 4 | 7 | 11 | -2 |
31       -7 | 1 | 3 | 6 | 4 | 7 | 11 | -2 |
32       -7 | 1 | 3 | 6 | 4 | 7 | 11 | -2 |
33       -7 | 1 | 3 | 6 | 4 | 7 | 11 | -2 |
34       -7 | 1 | 3 | 6 | 8 | 7 | 11 | -1 |
35       -7 | 1 | 3 | 6 | 4 | 7 | 11 | -2 |
36       -7 | 1 | 3 | 6 | 4 | 7 | 11 | -2 |
37       -7 | 1 | 3 | 6 | 8 | 7 | 11 | -2 |
38       -7 | 1 | 4 | 6 | 8 | 7 | 11 | -1 |
39       -8 | 1 | 3 | 6 | 4 | 7 | 8 | 11 | -1 |
40       -8 | 1 | 3 | 6 | 4 | 7 | 8 | 11 | -1 |
41       -8 | 1 | 3 | 6 | 4 | 7 | 8 | 11 | -1 |
42       -8 | 1 | 3 | 6 | 4 | 7 | 8 | 11 | -1 |
43       -8 | 1 | 3 | 6 | 4 | 7 | 8 | 11 | -1 |
44       -8 | 1 | 3 | 6 | 4 | 7 | 8 | 11 | -1 |
45       -8 | 1 | 3 | 6 | 4 | 7 | 8 | 11 | -1 |
46       -8 | 1 | 3 | 6 | 4 | 7 | 8 | 11 | -1 |
47       -8 | 1 | 3 | 6 | 4 | 7 | 8 | 11 | -1 |
48       -8 | 1 | 3 | 6 | 4 | 7 | 8 | 11 | -1 |