 732 | 19 | 131 |
 1379 | 26 | 8 |
 969 | 970 | 61 |
 578 | 2069 | 89 |
 967 | 1162 | 45 |
 705 | 2049 | 58 |
 1255 | 857 | 100 |
 1265 | 859 | 7 |
 535 | 2037 | 75 |
 1738 | 2027 | 142 |
 1477 | 68 | 109 |
 778 | 1328 | 129 |
 801 | 858 | 114 |
 933 | 1195 | 81 |
 889 | 890 | 31 |
 583 | 82 | 101 |
 1789 | 2008 | 144 |
 578 | 93 | 89 |
 881 | 882 | 30 |
 1377 | 117 | -4 |
 1483 | 1983 | 49 |
 752 | 1358 | 102 |
 921 | 922 | 35 |
 1292 | 1291 | 105 |
 644 | 128 | 77 |
 888 | 1231 | 10 |
 1465 | 144 | 59 |
 1209 | 1208 | 84 |
 520 | 1943 | 50 |
 641 | 1942 | 57 |
 1411 | 1939 | 112 |
 827 | 1283 | 18 |
 1316 | 826 | 115 |
 1292 | 1288 | 105 |
 1266 | 1265 | 7 |
 816 | 1294 | 3 |
 1531 | 1902 | 91 |
 757 | 746 | 107 |
 1190 | 1140 | 51 |
 835 | 836 | 95 |
 1461 | 1877 | 98 |
 1347 | 1348 | 26 |
 1466 | 705 | 58 |
 535 | 630 | 74 |
 682 | 1535 | 86 |
 959 | 971 | 42 |
 682 | 706 | 86 |
 905 | 901 | 53 |
 682 | 888 | 86 |
 1233 | 902 | 28 |
 1575 | 629 | 25 |
 743 | 801 | 114 |
 1202 | 633 | 15 |
 711 | 646 | 121 |
 643 | 534 | -59 |
 632 | 581 | 92 |
 1285 | 809 | 113 |
 925 | 1575 | 25 |
 1292 | 816 | 105 |
 710 | 813 | 111 |
 772 | 1334 | 128 |
 582 | 1569 | 93 |
 891 | 900 | 54 |
 1482 | 520 | 50 |
 1222 | 906 | 33 |
 821 | 755 | 2 |
 1377 | 1530 | 94 |
 1467 | 678 | 56 |
 1538 | 849 | 37 |
 1363 | 730 | -18 |
 1192 | 923 | 46 |
 743 | 1528 | 103 |
 752 | 583 | 101 |
 938 | 1537 | 36 |
 901 | 900 | 54 |
 1477 | 544 | -76 |
 811 | 1285 | 113 |
 552 | 1559 | 124 |
 528 | 938 | 65 |
 1566 | 686 | 1 |
 889 | 881 | -25 |
 820 | 712 | 136 |
 541 | 1379 | 73 |
 686 | 687 | 1 |
 1306 | 1260 | 97 |
 710 | 789 | 111 |
 846 | 1568 | 106 |
 951 | 1177 | 48 |
 1261 | 1249 | 99 |
 1325 | 795 | 120 |
 1271 | 533 | 76 |
 1530 | 835 | 94 |
 1380 | 708 | -8 |
 760 | 1363 | -19 |
 1187 | 819 | 6 |
 967 | 1175 | 45 |
 1275 | 757 | 107 |
 1 | 1833 | 145 |
 1789 | 1790 | 144 |
 1 | 1789 | 144 |
 315 | 1763 | 143 |
 1 | 315 | 143 |
 1 | 1738 | 142 |
 1 | 372 | 141 |
 1 | 424 | 140 |
 1653 | 1654 | 139 |
 1 | 1653 | 139 |
 1 | 1619 | 138 |
 520 | 519 | 50 |
 521 | 520 | 50 |
 529 | 527 | 67 |
 529 | 1576 | 67 |
 530 | 529 | 67 |
 532 | 1573 | 69 |
 1572 | 531 | 70 |
 1571 | 536 | 71 |
 534 | 533 | 76 |
 539 | 535 | -57 |
 541 | 539 | 73 |
 537 | 539 | 72 |
 541 | 538 | 73 |
 1567 | 541 | 73 |
 547 | 1564 | 110 |
 551 | 547 | 110 |
 1563 | 547 | 110 |
 553 | 1561 | 122 |
 1556 | 1559 | 124 |
 1558 | 1556 | 123 |
 1 | 554 | 137 |
 971 | 1131 | 42 |
 971 | 1178 | 42 |
 1176 | 971 | 42 |
 948 | 971 | 43 |
 945 | 948 | 43 |
 1176 | 945 | -37 |
 577 | 1176 | 41 |
 1540 | 577 | 41 |
 868 | 1241 | 40 |
 1242 | 868 | 40 |
 873 | 1237 | 38 |
 1186 | 873 | 38 |
 1538 | 1186 | 37 |
 1194 | 1537 | -33 |
 897 | 1194 | 88 |
 897 | 1229 | 88 |
 875 | 897 | 88 |
 1230 | 897 | 88 |
 875 | 1236 | 87 |
 1535 | 1536 | -64 |
 1534 | 1535 | -65 |
 579 | 883 | 90 |
 893 | 581 | 92 |
 1530 | 1531 | 94 |
 835 | 582 | 93 |
 851 | 1260 | 96 |
 832 | 1306 | 97 |
 583 | 1306 | 101 |
 820 | 1309 | 136 |
 820 | 587 | 136 |
 1 | 820 | 136 |
 588 | 820 | 136 |
 590 | 589 | 125 |
 1190 | 1172 | 51 |
 1190 | 1184 | 51 |
 926 | 1190 | 51 |
 926 | 1482 | -42 |
 900 | 926 | 54 |
 905 | 900 | 54 |
 891 | 905 | 53 |
 917 | 902 | 28 |
 1200 | 917 | 52 |
 914 | 1200 | 52 |
 1252 | 908 | -14 |
 1479 | 630 | 74 |
 822 | 1479 | 16 |
 1202 | 822 | 15 |
 823 | 822 | -13 |
 631 | 823 | 14 |
 1202 | 1478 | 15 |
 846 | 833 | 106 |
 1275 | 846 | 106 |
 1275 | 1292 | 105 |
 1303 | 1275 | 104 |
 734 | 1477 | 108 |
 1303 | 734 | 108 |
 779 | 1303 | 104 |
 783 | 795 | 120 |
 776 | 636 | 126 |
 1474 | 776 | 126 |
 969 | 1185 | 61 |
 871 | 969 | 61 |
 1467 | 969 | 61 |
 1466 | 641 | -48 |
 1465 | 1466 | -49 |
 642 | 1465 | -50 |
 884 | 878 | 60 |
 886 | 885 | 62 |
 1464 | 1182 | 64 |
 933 | 1274 | 80 |
 643 | 1463 | -60 |
 896 | 933 | 79 |
 1267 | 894 | 78 |
 874 | 1267 | 78 |
 1255 | 1261 | 99 |
 1461 | 1462 | 98 |
 1255 | 1461 | 98 |
 807 | 1255 | 116 |
 754 | 1255 | -71 |
 752 | 754 | -72 |
 799 | 1285 | 113 |
 1305 | 1320 | 118 |
 1282 | 1305 | 118 |
 1334 | 1325 | 128 |
 646 | 1325 | -84 |
 774 | 646 | -85 |
 1332 | 1334 | 128 |
 1 | 647 | 135 |
 951 | 954 | 48 |
 1173 | 951 | 48 |
 1204 | 1173 | 47 |
 923 | 1173 | 46 |
 924 | 923 | 46 |
 1204 | 927 | 47 |
 899 | 1204 | 47 |
 678 | 1204 | 56 |
 881 | 678 | 56 |
 1234 | 879 | 29 |
 682 | 681 | 86 |
 684 | 683 | 85 |
 1258 | 684 | 85 |
 1209 | 1258 | 84 |
 686 | 837 | 1 |
 1431 | 686 | 1 |
 778 | 1318 | 129 |
 689 | 778 | 129 |
 967 | 991 | 45 |
 942 | 957 | 27 |
 1233 | 942 | 27 |
 1233 | 705 | 58 |
 1347 | 1233 | 26 |
 1346 | 1347 | 26 |
 762 | 925 | 24 |
 1350 | 762 | 24 |
 706 | 930 | 22 |
 759 | 707 | 9 |
 888 | 759 | 9 |
 708 | 888 | -9 |
 825 | 1414 | 13 |
 824 | 825 | 13 |
 1276 | 1277 | 12 |
 1413 | 929 | 11 |
 801 | 805 | 114 |
 757 | 744 | 107 |
 1354 | 757 | 107 |
 1316 | 801 | 114 |
 1411 | 811 | -80 |
 788 | 710 | 111 |
 1 | 1330 | 134 |
 714 | 713 | 133 |
 1 | 714 | 133 |
 962 | 728 | 32 |
 906 | 962 | 32 |
 1222 | 901 | 33 |
 765 | 1222 | 33 |
 912 | 765 | -28 |
 1227 | 906 | -27 |
 889 | 1227 | -26 |
 1223 | 889 | -26 |
 938 | 920 | 36 |
 921 | 920 | -29 |
 1382 | 921 | -30 |
 729 | 1382 | -31 |
 864 | 867 | 20 |
 1259 | 864 | 20 |
 1271 | 1259 | 19 |
 830 | 827 | 17 |
 1271 | 831 | 19 |
 1266 | 1271 | 19 |
 1378 | 731 | -5 |
 1187 | 1266 | -3 |
 1377 | 1266 | -4 |
 1246 | 1226 | 4 |
 816 | 1246 | 3 |
 816 | 821 | 3 |
 1210 | 772 | 132 |
 1 | 1210 | 132 |
 1373 | 1210 | 132 |
 1 | 732 | 131 |
 732 | 1371 | 131 |
 1210 | 810 | 132 |
 789 | 816 | 3 |
 1308 | 816 | 3 |
 1375 | 755 | 2 |
 755 | 1246 | 2 |
 1226 | 1225 | 5 |
 1225 | 1187 | 5 |
 1246 | 1187 | -2 |
 1187 | 1353 | -3 |
 1353 | 1376 | -3 |
 1376 | 1377 | -4 |
 1266 | 1378 | -4 |
 731 | 1379 | -6 |
 1379 | 1380 | -7 |
 1380 | 1271 | 19 |
 1279 | 830 | 17 |
 827 | 1259 | -15 |
 1239 | 870 | 21 |
 870 | 1245 | 21 |
 1259 | 1245 | -16 |
 1245 | 730 | -17 |
 730 | 1381 | -18 |
 1381 | 938 | 36 |
 1245 | 938 | 36 |
 938 | 729 | 36 |
 920 | 919 | 34 |
 919 | 1223 | 34 |
 920 | 906 | -28 |
 906 | 912 | -28 |
 901 | 962 | 32 |
 962 | 1197 | 32 |
 713 | 1330 | 134 |
 1330 | 712 | 134 |
 1408 | 711 | 121 |
 711 | 1409 | 121 |
 1330 | 1315 | 134 |
 710 | 1410 | 111 |
 1410 | 1411 | -79 |
 811 | 1316 | -81 |
 788 | 801 | 114 |
 801 | 1240 | 114 |
 805 | 929 | 11 |
 929 | 1276 | 11 |
 1277 | 834 | 12 |
 929 | 834 | 11 |
 834 | 824 | -11 |
 1414 | 708 | -9 |
 834 | 888 | -10 |
 888 | 930 | 22 |
 930 | 855 | 22 |
 903 | 1220 | 23 |
 1220 | 934 | 23 |
 930 | 934 | 22 |
 934 | 760 | -20 |
 760 | 1351 | -20 |
 1351 | 1350 | -20 |
 934 | 925 | -21 |
 925 | 1346 | -22 |
 925 | 1233 | -22 |
 705 | 704 | 58 |
 704 | 942 | 27 |
 1192 | 967 | 45 |
 942 | 967 | 45 |
 967 | 703 | 45 |
 1 | 691 | 130 |
 691 | 690 | 130 |
 1 | 778 | 129 |
 778 | 780 | 129 |
 818 | 819 | 6 |
 819 | 1209 | 84 |
 814 | 1209 | 84 |
 1209 | 685 | 84 |
 685 | 1432 | 83 |
 1432 | 1258 | 83 |
 683 | 682 | 86 |
 681 | 869 | 82 |
 1258 | 869 | 82 |
 869 | 1238 | 82 |
 869 | 860 | 82 |
 879 | 1232 | 29 |
 1232 | 881 | -24 |
 1173 | 1175 | -39 |
 1175 | 946 | 44 |
 946 | 949 | 44 |
 949 | 951 | 48 |
 951 | 1003 | 48 |
 647 | 1460 | 135 |
 1 | 1334 | 128 |
 1334 | 774 | 128 |
 1325 | 1324 | 119 |
 1324 | 1323 | 119 |
 1325 | 1320 | -83 |
 1320 | 1319 | 117 |
 1319 | 798 | 117 |
 1285 | 807 | 116 |
 1320 | 807 | 116 |
 807 | 752 | 116 |
 645 | 1261 | 99 |
 1261 | 850 | 99 |
 1261 | 1267 | 99 |
 895 | 896 | 79 |
 1267 | 933 | 78 |
 933 | 644 | -61 |
 644 | 643 | -60 |
 1463 | 1274 | 80 |
 1274 | 839 | 80 |
 1264 | 843 | 63 |
 1274 | 843 | 80 |
 843 | 844 | 63 |
 844 | 845 | -19 |
 845 | 1363 | -19 |
 1363 | 1464 | 64 |
 843 | 1182 | 63 |
 1182 | 886 | 62 |
 878 | 871 | 60 |
 1182 | 871 | -52 |
 871 | 642 | -51 |
 641 | 1467 | -47 |
 969 | 1368 | 61 |
 1 | 1472 | 127 |
 1472 | 1473 | 127 |
 1 | 776 | 126 |
 776 | 779 | 126 |
 795 | 794 | 120 |
 794 | 1303 | 104 |
 1477 | 634 | -75 |
 634 | 1275 | -74 |
 1292 | 1286 | 105 |
 1286 | 846 | 106 |
 846 | 753 | 106 |
 1218 | 1202 | 15 |
 833 | 1202 | 15 |
 632 | 631 | 14 |
 630 | 1252 | 74 |
 822 | 1252 | -14 |
 1252 | 1270 | -14 |
 1348 | 1200 | 52 |
 902 | 1349 | 55 |
 1349 | 1367 | 55 |
 1367 | 892 | -45 |
 892 | 891 | -44 |
 1200 | 891 | 52 |
 891 | 926 | -43 |
 1482 | 1483 | -41 |
 1483 | 1190 | 51 |
 1 | 590 | 125 |
 1527 | 1528 | 103 |
 1528 | 1529 | 103 |
 584 | 583 | 101 |
 1306 | 854 | 97 |
 854 | 851 | 96 |
 1260 | 835 | -69 |
 1306 | 835 | 97 |
 582 | 1530 | 94 |
 1531 | 893 | 91 |
 835 | 893 | -68 |
 581 | 1532 | 92 |
 580 | 579 | 90 |
 893 | 883 | -67 |
 883 | 578 | 89 |
 578 | 1533 | 89 |
 1533 | 1534 | -65 |
 1536 | 875 | -65 |
 883 | 875 | -66 |
 1236 | 876 | 87 |
 918 | 1205 | -34 |
 1205 | 1194 | -34 |
 1537 | 1538 | 37 |
 1194 | 1186 | -34 |
 1237 | 872 | 39 |
 872 | 1242 | 39 |
 1186 | 1242 | -35 |
 1242 | 1176 | -36 |
 554 | 1557 | 137 |
 1557 | 1558 | 123 |
 1 | 1556 | -86 |
 1559 | 1560 | 124 |
 552 | 553 | 122 |
 1556 | 553 | 122 |
 553 | 551 | 122 |
 1562 | 546 | -76 |
 546 | 545 | -77 |
 545 | 544 | -77 |
 544 | 1563 | -77 |
 547 | 1565 | 110 |
 540 | 541 | 73 |
 1570 | 537 | 72 |
 535 | 534 | -58 |
 533 | 1571 | 76 |
 539 | 536 | -56 |
 536 | 1572 | 70 |
 531 | 532 | 68 |
 536 | 532 | -55 |
 1573 | 1574 | 69 |
 1574 | 530 | 66 |
 532 | 530 | -54 |
 530 | 528 | 65 |
 528 | 1575 | 65 |
 1575 | 529 | 67 |
 1619 | 463 | 138 |
 424 | 1670 | 140 |
 372 | 371 | 141 |
 1738 | 1739 | 142 |
 1833 | 251 | 145 |
 678 | 889 | 56 |
 823 | 824 | -12 |
 945 | 1175 | -38 |
 1528 | 1275 | 103 |
 1200 | 704 | 52 |
 1255 | 1260 | -70 |
 865 | 930 | 22 |
 1173 | 1483 | -40 |
 581 | 1379 | 92 |
 1232 | 1233 | -23 |
 1260 | 846 | 106 |
 1576 | 705 | 58 |
 581 | 1432 | 92 |
 686 | 1374 | 1 |
 1319 | 789 | 117 |
 705 | 899 | 58 |
 1377 | 1261 | 99 |
 1209 | 1202 | 84 |
 519 | 967 | 45 |
 1252 | 855 | -14 |
 708 | 685 | -9 |
 530 | 1182 | -53 |
 822 | 827 | -14 |
 1477 | 546 | -76 |
 1258 | 933 | -62 |
 1258 | 1535 | -63 |
 1536 | 1534 | -65 |
 1192 | 969 | 61 |
 862 | 801 | 114 |
 1467 | 1367 | -46 |
 1432 | 1379 | 83 |
 1537 | 729 | -32 |
 681 | 1479 | 16 |
 805 | 1306 | 97 |
 885 | 1347 | 26 |
 1478 | 537 | 72 |
 646 | 1556 | -85 |
 923 | 1204 | 47 |
 1316 | 1320 | -82 |
 752 | 1275 | -73 |
 872 | 1234 | 39 |
 1246 | 837 | -1 |
 1381 | 1573 | 69 |
 1563 | 1410 | -78 |
 634 | 202 | -75 |
 864 | 1248 | 20 |
 951 | 1170 | 48 |
 1223 | 910 | -26 |
 836 | 758 | 95 |
 825 | 1904 | 13 |
 891 | 911 | -44 |
 1563 | 181 | -78 |
 644 | 1910 | -61 |
 1259 | 1253 | -16 |
 1414 | 1926 | -9 |
 541 | 1930 | 73 |
 730 | 1931 | -18 |
 811 | 1299 | -81 |
 795 | 154 | 120 |
 1261 | 1254 | 99 |
 1353 | 1352 | -3 |
 1285 | 1280 | 113 |
 962 | 1164 | 32 |
 1299 | 842 | -81 |
 1277 | 1273 | 12 |
 1738 | 134 | 142 |
 691 | 130 | 130 |
 691 | 1974 | 130 |
 644 | 1978 | -61 |
 1538 | 122 | 37 |
 948 | 1171 | 43 |
 1483 | 1991 | -41 |
 1252 | 1212 | -14 |
 1285 | 1284 | 113 |
 734 | 1369 | 108 |
 1472 | 2004 | 127 |
 942 | 943 | 27 |
 1531 | 2013 | 91 |
 1477 | 2018 | -76 |
 144 | 2026 | 59 |
 1534 | 58 | -65 |
 577 | 2033 | 41 |
 1738 | 2041 | 142 |
 710 | 51 | 111 |
 906 | 958 | -28 |
 1538 | 36 | 37 |
 529 | 2060 | 67 |
 1347 | 763 | 26 |
 906 | 915 | -28 |
 1306 | 847 | 97 |
 1574 | 17 | 66 |
 1330 | 1329 | 134 |
 1223 | 904 | -26 |
 1252 | 1217 | -14 |

