 -44 | 1 | 1344 | 1561 | 1345 | 1346 | 1347 | 1348 | 1349 | 1560 | 1559 | 1558 | 1557 | 1350 | 1556 | 1351 | 1555 | 1352 | 1353 | 1358 | 1355 | 1554 | 1571 | 1343 | 1474 | 1456 | 1465 | 1330 | 2759 | 2760 | 2761 | 2762 | 2763 | 159 | 2764 | 158 | 2765 | 157 | 2766 | 156 | 2767 | 155 | 1576 | 2 | -1 |
 -48 | 1 | 1344 | 1561 | 1345 | 1346 | 1347 | 1348 | 1349 | 1560 | 1559 | 1558 | 1557 | 1350 | 1556 | 1351 | 1555 | 1352 | 1353 | 1358 | 1355 | 1554 | 1571 | 1343 | 1474 | 1456 | 1465 | 1330 | 1577 | 199 | 2712 | 198 | 197 | 2713 | 196 | 195 | 194 | 2714 | 193 | 2715 | 192 | 2716 | 2717 | 2718 | 2719 | 2720 | 191 | 2 | -1 |
 -55 | 1 | 1247 | 1660 | 1661 | 1246 | 1662 | 1663 | 1664 | 1245 | 1665 | 1244 | 1243 | 1666 | 1667 | 1242 | 1241 | 1240 | 1668 | 1239 | 1669 | 1670 | 1671 | 1672 | 1238 | 1237 | 1236 | 1235 | 1234 | 1673 | 1674 | 1233 | 1232 | 1231 | 1675 | 1230 | 1676 | 1677 | 1229 | 1228 | 1227 | 1678 | 1679 | 1226 | 1680 | 1225 | 1224 | 1681 | 1400 | 1589 | 1590 | 1591 | 1592 | 1324 | 2 | -1 |
 -59 | 1 | 1344 | 1561 | 1345 | 1346 | 1347 | 1348 | 1349 | 1560 | 1559 | 1558 | 1557 | 1350 | 1556 | 1351 | 1555 | 1352 | 1353 | 1358 | 1355 | 1554 | 1571 | 1343 | 1474 | 1456 | 1465 | 1330 | 1577 | 1459 | 1359 | 1578 | 1579 | 1329 | 1580 | 1581 | 1328 | 1327 | 1582 | 2472 | 2473 | 410 | 2474 | 2475 | 2476 | 409 | 408 | 407 | 2477 | 406 | 2478 | 2479 | 405 | 2480 | 2481 | 404 | 403 | 402 | 2 | -1 |
 -60 | 1 | 1473 | 1472 | 1471 | 1470 | 1437 | 1438 | 1469 | 1439 | 1440 | 1441 | 1442 | 1468 | 1443 | 1343 | 1356 | 1357 | 1331 | 1575 | 1332 | 128 | 127 | 2793 | 126 | 125 | 2794 | 2795 | 124 | 2796 | 123 | 122 | 121 | 120 | 2797 | 2798 | 2799 | 2800 | 119 | 118 | 117 | 2801 | 116 | 2802 | 2803 | 2804 | 115 | 114 | 113 | 112 | 2805 | 111 | 110 | 109 | 108 | 107 | 2806 | 106 | 2807 | 2 | -1 |
 -60 | 1 | 1323 | 1322 | 1321 | 1593 | 1320 | 1594 | 1595 | 1596 | 1319 | 1597 | 1318 | 1598 | 1599 | 1317 | 1316 | 1315 | 1314 | 1600 | 1313 | 1601 | 1312 | 1311 | 1310 | 1309 | 1602 | 1308 | 1603 | 1604 | 1307 | 1605 | 1606 | 1607 | 1608 | 1609 | 1306 | 1610 | 1611 | 1305 | 1304 | 1612 | 1613 | 1303 | 1614 | 1615 | 1616 | 1617 | 1618 | 1619 | 1302 | 1301 | 1620 | 1300 | 1589 | 1590 | 1591 | 1592 | 1324 | 2 | -1 |
 -63 | 1 | 1344 | 1561 | 1345 | 1346 | 1347 | 1348 | 1349 | 1560 | 1559 | 1558 | 1557 | 1350 | 1556 | 1351 | 1555 | 1352 | 1353 | 1358 | 1355 | 1554 | 1571 | 1336 | 1570 | 1569 | 1337 | 1568 | 1338 | 105 | 104 | 103 | 2808 | 2809 | 102 | 2810 | 2811 | 101 | 100 | 2812 | 99 | 98 | 2813 | 97 | 96 | 2814 | 95 | 94 | 2815 | 93 | 92 | 2816 | 91 | 90 | 89 | 2817 | 88 | 2818 | 87 | 86 | 85 | 2819 | 2 | -1 |
 -64 | 1 | 1344 | 1561 | 1345 | 1346 | 1347 | 1348 | 1349 | 1560 | 1559 | 1558 | 1557 | 1350 | 1556 | 1351 | 1555 | 1352 | 1353 | 1358 | 1355 | 1554 | 1571 | 1343 | 1474 | 1456 | 1465 | 1330 | 1577 | 1459 | 1359 | 1578 | 1579 | 1329 | 1580 | 1581 | 1328 | 1327 | 373 | 2532 | 2533 | 2534 | 372 | 2535 | 371 | 370 | 369 | 368 | 2536 | 2537 | 2538 | 367 | 2539 | 366 | 2540 | 365 | 2541 | 364 | 2542 | 2543 | 363 | 362 | 361 | 2 | -1 |
 -66 | 1 | 1344 | 1561 | 1345 | 1346 | 1347 | 1348 | 1349 | 1560 | 1559 | 1558 | 1557 | 1350 | 1556 | 1351 | 1555 | 1352 | 1353 | 1358 | 1355 | 1554 | 1571 | 1343 | 1474 | 1456 | 1465 | 1330 | 1577 | 1459 | 1359 | 1578 | 1579 | 1329 | 1580 | 1581 | 1328 | 1327 | 1582 | 1446 | 1415 | 1409 | 1498 | 1497 | 1496 | 1583 | 1584 | 1585 | 1586 | 1326 | 1587 | 1588 | 1325 | 1565 | 1399 | 1532 | 1533 | 1378 | 1492 | 1400 | 1589 | 1590 | 1591 | 1592 | 1324 | 2 | -1 |
 -68 | 1 | 1344 | 1561 | 1345 | 1346 | 1347 | 1348 | 1349 | 1560 | 1559 | 1558 | 1557 | 1350 | 1556 | 1351 | 1555 | 1352 | 1353 | 1358 | 1355 | 1554 | 1571 | 1343 | 1356 | 1357 | 1331 | 1575 | 1332 | 128 | 127 | 2793 | 126 | 125 | 2794 | 2795 | 124 | 2796 | 123 | 122 | 121 | 120 | 2797 | 2798 | 2799 | 2800 | 119 | 118 | 117 | 2801 | 116 | 2802 | 2803 | 2804 | 115 | 114 | 113 | 112 | 2805 | 111 | 110 | 109 | 108 | 107 | 2806 | 106 | 2807 | 2 | -1 |
 -69 | 1 | 1344 | 1561 | 1345 | 1346 | 1347 | 1348 | 1349 | 1560 | 1559 | 1558 | 1557 | 1350 | 1556 | 1351 | 1555 | 1352 | 1353 | 1358 | 1355 | 1554 | 1571 | 1343 | 1474 | 1456 | 1465 | 1330 | 1577 | 1459 | 1458 | 1457 | 250 | 249 | 2657 | 2658 | 2659 | 2660 | 248 | 2661 | 2662 | 2663 | 247 | 2664 | 246 | 2665 | 245 | 244 | 243 | 2666 | 242 | 2667 | 241 | 240 | 2668 | 2669 | 2670 | 239 | 238 | 2671 | 237 | 2672 | 236 | 2673 | 235 | 234 | 2674 | 233 | 2 | -1 |
 -69 | 1 | 1333 | 1574 | 1334 | 1573 | 1572 | 2823 | 84 | 83 | 2824 | 2825 | 82 | 2826 | 81 | 2827 | 80 | 79 | 78 | 77 | 76 | 75 | 74 | 2828 | 73 | 72 | 2829 | 71 | 2830 | 70 | 2831 | 2832 | 69 | 68 | 2833 | 67 | 66 | 65 | 64 | 2834 | 2835 | 63 | 2836 | 62 | 2837 | 61 | 60 | 59 | 58 | 57 | 2838 | 56 | 2839 | 2840 | 55 | 54 | 2841 | 2842 | 2843 | 53 | 52 | 2844 | 2845 | 51 | 50 | 49 | 2846 | 2847 | 2 | -1 |
 -71 | 1 | 1344 | 1561 | 1345 | 1346 | 1347 | 1348 | 1349 | 1560 | 1559 | 1558 | 1557 | 1350 | 1556 | 1351 | 1555 | 1352 | 1353 | 1358 | 1355 | 1554 | 1571 | 1343 | 1474 | 1456 | 1465 | 1330 | 1577 | 1459 | 1359 | 1578 | 1579 | 1329 | 1580 | 1581 | 329 | 2578 | 2579 | 328 | 327 | 2580 | 2581 | 2582 | 2583 | 326 | 325 | 324 | 2584 | 2585 | 323 | 322 | 321 | 320 | 2586 | 319 | 2587 | 318 | 2588 | 317 | 2589 | 2590 | 316 | 315 | 314 | 313 | 2591 | 2592 | 312 | 2593 | 2 | -1 |
 -81 | 1 | 1344 | 1561 | 1345 | 1346 | 1347 | 1348 | 1349 | 1560 | 1559 | 1558 | 1557 | 1350 | 1556 | 1351 | 1555 | 1352 | 1353 | 1358 | 1355 | 1554 | 1571 | 1343 | 1474 | 1467 | 1444 | 1445 | 1466 | 154 | 153 | 152 | 2768 | 151 | 150 | 149 | 148 | 147 | 146 | 145 | 2769 | 2770 | 144 | 2771 | 2772 | 2773 | 2774 | 143 | 2775 | 2776 | 142 | 141 | 2777 | 140 | 139 | 2778 | 2779 | 2780 | 138 | 2781 | 137 | 136 | 135 | 2782 | 2783 | 134 | 2784 | 2785 | 2786 | 2787 | 2788 | 2789 | 133 | 132 | 131 | 130 | 2790 | 129 | 2791 | 2792 | 2 | -1 |
 -81 | 1 | 1344 | 1561 | 1345 | 1346 | 1347 | 1348 | 1349 | 1560 | 1559 | 1558 | 1557 | 1350 | 1556 | 1351 | 1555 | 1352 | 1353 | 1358 | 1355 | 1554 | 1571 | 1343 | 1474 | 1456 | 1465 | 1330 | 1577 | 1459 | 1359 | 1578 | 1579 | 1329 | 1580 | 1581 | 1328 | 1327 | 1582 | 1446 | 1415 | 1491 | 1416 | 1417 | 468 | 2410 | 467 | 466 | 465 | 464 | 463 | 2411 | 2412 | 2413 | 2414 | 2415 | 2416 | 2417 | 2418 | 462 | 2419 | 461 | 460 | 2420 | 459 | 458 | 457 | 2421 | 456 | 455 | 2422 | 2423 | 2424 | 2425 | 454 | 2426 | 453 | 452 | 2427 | 451 | 2 | -1 |
 -86 | 1 | 1344 | 1561 | 1345 | 1346 | 1347 | 1348 | 1349 | 1560 | 1559 | 1558 | 1557 | 1350 | 1556 | 1351 | 1555 | 1352 | 1353 | 1358 | 1355 | 1554 | 1571 | 1343 | 1474 | 1456 | 1465 | 1330 | 1577 | 1459 | 1359 | 1578 | 1579 | 1329 | 2631 | 2632 | 275 | 274 | 273 | 272 | 271 | 2633 | 270 | 2634 | 269 | 2635 | 268 | 2636 | 267 | 2637 | 2638 | 266 | 2639 | 265 | 2640 | 264 | 263 | 2641 | 262 | 2642 | 2643 | 2644 | 2645 | 2646 | 2647 | 2648 | 2649 | 2650 | 261 | 260 | 259 | 2651 | 2652 | 258 | 257 | 2653 | 2654 | 2655 | 256 | 255 | 254 | 253 | 252 | 251 | 2656 | 2 | -1 |
 -89 | 1 | 1344 | 1561 | 1345 | 1346 | 1347 | 1348 | 1349 | 1560 | 1559 | 1558 | 1557 | 1350 | 1556 | 1351 | 1555 | 1352 | 1353 | 1358 | 1355 | 1554 | 1571 | 1343 | 1474 | 1456 | 1465 | 1330 | 1577 | 1459 | 1359 | 1578 | 1579 | 1329 | 1580 | 1581 | 1328 | 1327 | 1582 | 1446 | 1415 | 1409 | 1498 | 1497 | 586 | 585 | 584 | 583 | 2289 | 2290 | 2291 | 2292 | 2293 | 2294 | 582 | 2295 | 2296 | 581 | 580 | 579 | 578 | 2297 | 2298 | 577 | 2299 | 576 | 575 | 2300 | 2301 | 574 | 2302 | 2303 | 2304 | 2305 | 2306 | 2307 | 573 | 2308 | 2309 | 572 | 2310 | 2311 | 571 | 2312 | 2313 | 570 | 569 | 568 | 2 | -1 |
 -90 | 1 | 1344 | 1561 | 1345 | 1346 | 1347 | 1348 | 1349 | 1560 | 1559 | 1558 | 1557 | 1350 | 1556 | 1351 | 1555 | 1352 | 1353 | 1358 | 1355 | 1554 | 1571 | 1343 | 1474 | 1456 | 1465 | 1330 | 1577 | 1459 | 1359 | 1578 | 1579 | 1329 | 1580 | 1581 | 1328 | 1327 | 1582 | 1446 | 1415 | 1409 | 1498 | 2352 | 2353 | 2354 | 2355 | 2356 | 2357 | 2358 | 518 | 517 | 516 | 515 | 2359 | 514 | 513 | 512 | 2360 | 511 | 510 | 509 | 2361 | 2362 | 508 | 2363 | 507 | 2364 | 506 | 2365 | 505 | 504 | 503 | 502 | 2366 | 2367 | 2368 | 501 | 500 | 2369 | 2370 | 2371 | 499 | 2372 | 2373 | 2374 | 2375 | 498 | 497 | 2 | -1 |
 -91 | 1 | 1344 | 1561 | 1345 | 1346 | 1347 | 1348 | 1349 | 1560 | 1559 | 1558 | 1557 | 1350 | 1556 | 1351 | 1555 | 1352 | 1353 | 1358 | 1355 | 1554 | 1571 | 1343 | 1474 | 1456 | 1465 | 1330 | 1577 | 1459 | 1359 | 1578 | 1579 | 1329 | 1580 | 1581 | 1328 | 1327 | 1582 | 1446 | 1415 | 1409 | 1498 | 1497 | 1496 | 1583 | 1584 | 744 | 743 | 742 | 2130 | 741 | 740 | 739 | 738 | 737 | 2131 | 736 | 735 | 734 | 2132 | 2133 | 2134 | 733 | 732 | 731 | 730 | 729 | 728 | 2135 | 2136 | 2137 | 2138 | 2139 | 727 | 2140 | 726 | 2141 | 725 | 724 | 2142 | 723 | 722 | 2143 | 721 | 720 | 719 | 718 | 2144 | 717 | 2 | -1 |
 -93 | 1 | 1381 | 1520 | 1519 | 1382 | 1383 | 1518 | 1517 | 1384 | 1516 | 1515 | 1385 | 1386 | 1387 | 1503 | 1389 | 1514 | 1390 | 1391 | 1392 | 1393 | 1513 | 1512 | 1394 | 1395 | 1511 | 1493 | 1414 | 1413 | 1494 | 1412 | 1495 | 1411 | 1410 | 1496 | 645 | 2220 | 2221 | 644 | 643 | 642 | 641 | 2222 | 640 | 2223 | 639 | 2224 | 638 | 637 | 2225 | 636 | 635 | 634 | 2226 | 633 | 2227 | 2228 | 2229 | 632 | 2230 | 631 | 2231 | 2232 | 2233 | 2234 | 630 | 629 | 2235 | 628 | 2236 | 2237 | 627 | 626 | 625 | 2238 | 624 | 2239 | 2240 | 2241 | 2242 | 623 | 2243 | 622 | 621 | 2244 | 2245 | 620 | 2246 | 2247 | 2248 | 619 | 2 | -1 |
 -100 | 1 | 778 | 2111 | 777 | 776 | 2112 | 775 | 774 | 2113 | 773 | 772 | 771 | 2114 | 770 | 769 | 2115 | 768 | 767 | 766 | 2116 | 2117 | 765 | 2118 | 764 | 763 | 762 | 761 | 760 | 2119 | 759 | 758 | 2120 | 757 | 2121 | 756 | 2122 | 755 | 754 | 753 | 752 | 2123 | 2124 | 751 | 2125 | 2126 | 750 | 749 | 2127 | 748 | 2128 | 747 | 2129 | 746 | 745 | 1584 | 744 | 743 | 742 | 2130 | 741 | 740 | 739 | 738 | 737 | 2131 | 736 | 735 | 734 | 2132 | 2133 | 2134 | 733 | 732 | 731 | 730 | 729 | 728 | 2135 | 2136 | 2137 | 2138 | 2139 | 727 | 2140 | 726 | 2141 | 725 | 724 | 2142 | 723 | 722 | 2143 | 721 | 720 | 719 | 718 | 2144 | 717 | 2 | -1 |
 -102 | 1 | 1344 | 1561 | 1345 | 1346 | 1347 | 1348 | 1349 | 1560 | 1559 | 1558 | 1557 | 1350 | 1556 | 1351 | 1555 | 1352 | 1353 | 1358 | 1355 | 1554 | 1571 | 1343 | 1474 | 1456 | 1465 | 1330 | 1577 | 1459 | 1359 | 1578 | 1579 | 1329 | 1580 | 1581 | 1328 | 1327 | 1582 | 1446 | 1415 | 1409 | 1498 | 1497 | 1496 | 645 | 2220 | 2221 | 644 | 643 | 642 | 641 | 2222 | 640 | 2223 | 639 | 2224 | 638 | 637 | 2225 | 636 | 635 | 634 | 2226 | 633 | 2227 | 2228 | 2229 | 632 | 2230 | 631 | 2231 | 2232 | 2233 | 2234 | 630 | 629 | 2235 | 628 | 2236 | 2237 | 627 | 626 | 625 | 2238 | 624 | 2239 | 2240 | 2241 | 2242 | 623 | 2243 | 622 | 621 | 2244 | 2245 | 620 | 2246 | 2247 | 2248 | 619 | 2 | -1 |
 -104 | 1 | 1344 | 1561 | 1345 | 1346 | 1347 | 1348 | 1349 | 1560 | 1559 | 1558 | 1557 | 1350 | 1556 | 1351 | 1555 | 1352 | 1353 | 1358 | 1355 | 1554 | 1571 | 1343 | 1474 | 1456 | 1465 | 1330 | 1577 | 1459 | 1359 | 1578 | 1579 | 1329 | 1580 | 1581 | 1328 | 1327 | 1582 | 1446 | 1415 | 1409 | 1498 | 1497 | 1496 | 1583 | 2189 | 671 | 2190 | 2191 | 670 | 2192 | 2193 | 2194 | 669 | 668 | 2195 | 667 | 666 | 2196 | 2197 | 2198 | 665 | 664 | 663 | 2199 | 662 | 661 | 2200 | 660 | 659 | 658 | 2201 | 2202 | 657 | 656 | 655 | 654 | 653 | 652 | 2203 | 2204 | 2205 | 2206 | 2207 | 651 | 2208 | 2209 | 2210 | 650 | 2211 | 2212 | 649 | 648 | 2213 | 2214 | 2215 | 2216 | 647 | 2217 | 646 | 2218 | 2219 | 2 | -1 |
 -104 | 1 | 1344 | 1561 | 1345 | 1346 | 1347 | 1348 | 1349 | 1560 | 1559 | 1558 | 1557 | 1350 | 1556 | 1351 | 1555 | 1352 | 1353 | 1358 | 1355 | 1554 | 1571 | 1343 | 1474 | 1456 | 1465 | 1330 | 1577 | 1459 | 1359 | 1578 | 1579 | 1329 | 1580 | 1581 | 1328 | 1327 | 1582 | 1446 | 1415 | 1409 | 1498 | 1497 | 1496 | 1583 | 1584 | 1585 | 1586 | 1326 | 1587 | 1588 | 1325 | 970 | 1934 | 1935 | 969 | 1936 | 1937 | 968 | 967 | 1938 | 966 | 965 | 1939 | 964 | 1940 | 963 | 1941 | 1942 | 1943 | 962 | 961 | 960 | 1944 | 1945 | 959 | 1946 | 1947 | 1948 | 1949 | 958 | 1950 | 957 | 1951 | 956 | 1952 | 955 | 954 | 1953 | 953 | 1954 | 952 | 1955 | 1956 | 951 | 950 | 1957 | 949 | 1958 | 948 | 1959 | 947 | 2 | -1 |
 -115 | 1 | 1344 | 1561 | 1345 | 1346 | 1347 | 1348 | 1349 | 1560 | 1559 | 1558 | 1557 | 1350 | 1556 | 1351 | 1555 | 1352 | 1353 | 1358 | 1355 | 1554 | 1571 | 1343 | 1474 | 1456 | 1465 | 1330 | 1577 | 1459 | 1359 | 1578 | 1579 | 1329 | 1580 | 1581 | 1328 | 1327 | 1582 | 1446 | 1415 | 1409 | 1498 | 1497 | 1496 | 1583 | 1584 | 1585 | 1586 | 1326 | 907 | 1998 | 906 | 1999 | 905 | 2000 | 904 | 2001 | 903 | 2002 | 2003 | 2004 | 902 | 2005 | 901 | 2006 | 900 | 899 | 898 | 897 | 2007 | 2008 | 2009 | 896 | 2010 | 895 | 2011 | 894 | 2012 | 2013 | 893 | 892 | 2014 | 2015 | 891 | 2016 | 890 | 2017 | 889 | 2018 | 888 | 2019 | 2020 | 2021 | 2022 | 887 | 2023 | 886 | 2024 | 885 | 884 | 883 | 2025 | 882 | 881 | 880 | 2026 | 2027 | 2028 | 879 | 2029 | 2030 | 878 | 2031 | 2 | -1 |
 -120 | 1 | 618 | 2249 | 2250 | 2251 | 2252 | 2253 | 617 | 2254 | 2255 | 2256 | 616 | 615 | 2257 | 2258 | 2259 | 2260 | 614 | 613 | 612 | 611 | 2261 | 2262 | 610 | 609 | 2263 | 2264 | 2265 | 2266 | 608 | 607 | 606 | 605 | 2267 | 604 | 603 | 2268 | 2269 | 602 | 601 | 2270 | 2271 | 2272 | 2273 | 2274 | 2275 | 600 | 2276 | 599 | 598 | 597 | 596 | 2277 | 2278 | 595 | 2279 | 2280 | 2281 | 2282 | 594 | 2283 | 593 | 2284 | 592 | 591 | 2285 | 590 | 589 | 588 | 2286 | 587 | 2287 | 2288 | 1497 | 586 | 585 | 584 | 583 | 2289 | 2290 | 2291 | 2292 | 2293 | 2294 | 582 | 2295 | 2296 | 581 | 580 | 579 | 578 | 2297 | 2298 | 577 | 2299 | 576 | 575 | 2300 | 2301 | 574 | 2302 | 2303 | 2304 | 2305 | 2306 | 2307 | 573 | 2308 | 2309 | 572 | 2310 | 2311 | 571 | 2312 | 2313 | 570 | 569 | 568 | 2 | -1 |
 -133 | 1 | 1344 | 1561 | 1345 | 1346 | 1347 | 1348 | 1349 | 1560 | 1559 | 1558 | 1557 | 1350 | 1556 | 1351 | 1555 | 1352 | 1353 | 1358 | 1355 | 1554 | 1571 | 1343 | 1474 | 1456 | 1465 | 1330 | 1577 | 1459 | 1359 | 1578 | 1579 | 1329 | 1580 | 1581 | 1328 | 1327 | 1582 | 1446 | 1415 | 1409 | 1498 | 1497 | 1496 | 1583 | 1584 | 1585 | 1586 | 1326 | 1587 | 1588 | 1325 | 1565 | 1399 | 1532 | 1531 | 1122 | 1121 | 1120 | 1119 | 1118 | 1793 | 1117 | 1794 | 1116 | 1795 | 1115 | 1114 | 1796 | 1113 | 1112 | 1797 | 1798 | 1799 | 1111 | 1110 | 1109 | 1800 | 1108 | 1107 | 1106 | 1105 | 1801 | 1802 | 1104 | 1103 | 1102 | 1101 | 1803 | 1100 | 1099 | 1098 | 1097 | 1804 | 1096 | 1095 | 1094 | 1093 | 1092 | 1091 | 1805 | 1090 | 1089 | 1806 | 1807 | 1808 | 1088 | 1087 | 1086 | 1085 | 1084 | 1809 | 1810 | 1811 | 1812 | 1813 | 1814 | 1815 | 1816 | 1083 | 1082 | 1081 | 1817 | 1080 | 1079 | 1078 | 1077 | 1818 | 1076 | 1819 | 1075 | 2 | -1 |
 -137 | 1 | 1247 | 1660 | 1661 | 1246 | 1662 | 1663 | 1664 | 1245 | 1665 | 1244 | 1243 | 1666 | 1667 | 1242 | 1241 | 1240 | 1668 | 1239 | 1669 | 1670 | 1671 | 1672 | 1238 | 1237 | 1236 | 1235 | 1234 | 1673 | 1674 | 1233 | 1232 | 1231 | 1675 | 1230 | 1676 | 1677 | 1229 | 1228 | 1227 | 1678 | 1679 | 1226 | 1680 | 1225 | 1224 | 1681 | 1400 | 1492 | 1378 | 1379 | 1527 | 1526 | 1525 | 1524 | 1380 | 1523 | 1522 | 1521 | 1181 | 1720 | 1721 | 1722 | 1180 | 1723 | 1724 | 1725 | 1726 | 1179 | 1178 | 1177 | 1176 | 1175 | 1727 | 1728 | 1174 | 1173 | 1729 | 1172 | 1730 | 1171 | 1731 | 1732 | 1733 | 1734 | 1735 | 1170 | 1169 | 1736 | 1737 | 1738 | 1739 | 1168 | 1167 | 1166 | 1165 | 1740 | 1741 | 1164 | 1163 | 1742 | 1162 | 1743 | 1161 | 1160 | 1744 | 1745 | 1746 | 1747 | 1748 | 1749 | 1750 | 1159 | 1158 | 1157 | 1156 | 1751 | 1155 | 1752 | 1154 | 1753 | 1754 | 1755 | 1153 | 1756 | 1757 | 1758 | 1152 | 1759 | 1760 | 1151 | 1761 | 1150 | 1149 | 1148 | 2 | -1 |
 -141 | 1 | 1344 | 1561 | 1345 | 1346 | 1347 | 1348 | 1349 | 1560 | 1559 | 1558 | 1557 | 1350 | 1556 | 1351 | 1555 | 1352 | 1353 | 1358 | 1355 | 1554 | 1571 | 1343 | 1474 | 1456 | 1465 | 1330 | 1577 | 1459 | 1359 | 1578 | 1579 | 1329 | 1580 | 1581 | 1328 | 1327 | 1582 | 1446 | 1415 | 1409 | 1498 | 1497 | 1496 | 1583 | 1584 | 1585 | 2069 | 828 | 827 | 826 | 825 | 2070 | 824 | 823 | 2071 | 2072 | 2073 | 2074 | 822 | 821 | 820 | 2075 | 819 | 818 | 817 | 816 | 815 | 2076 | 814 | 2077 | 2078 | 813 | 812 | 2079 | 811 | 810 | 809 | 2080 | 2081 | 808 | 807 | 806 | 805 | 2082 | 2083 | 804 | 2084 | 803 | 2085 | 802 | 2086 | 801 | 2087 | 2088 | 800 | 2089 | 2090 | 2091 | 2092 | 799 | 2093 | 2094 | 798 | 2095 | 2096 | 797 | 2097 | 796 | 795 | 794 | 793 | 2098 | 2099 | 792 | 2100 | 791 | 2101 | 2102 | 790 | 789 | 788 | 787 | 786 | 2103 | 2104 | 785 | 784 | 2105 | 2106 | 783 | 2107 | 2108 | 782 | 781 | 780 | 2109 | 779 | 2110 | 2 | -1 |
 -142 | 1 | 1247 | 1660 | 1661 | 1246 | 1662 | 1663 | 1664 | 1245 | 1665 | 1244 | 1243 | 1666 | 1667 | 1242 | 1241 | 1240 | 1668 | 1239 | 1669 | 1670 | 1671 | 1672 | 1238 | 1237 | 1236 | 1235 | 1234 | 1673 | 1674 | 1233 | 1232 | 1231 | 1675 | 1230 | 1676 | 1677 | 1229 | 1228 | 1227 | 1678 | 1679 | 1226 | 1680 | 1225 | 1224 | 1681 | 1400 | 1401 | 1502 | 1402 | 1501 | 1403 | 1404 | 1405 | 1406 | 1407 | 1500 | 1408 | 1499 | 1682 | 1223 | 1222 | 1221 | 1220 | 1683 | 1684 | 1219 | 1685 | 1686 | 1218 | 1217 | 1687 | 1688 | 1689 | 1690 | 1691 | 1692 | 1216 | 1693 | 1215 | 1214 | 1213 | 1212 | 1211 | 1694 | 1210 | 1209 | 1208 | 1695 | 1207 | 1206 | 1205 | 1696 | 1697 | 1698 | 1204 | 1203 | 1202 | 1201 | 1200 | 1199 | 1198 | 1699 | 1700 | 1197 | 1196 | 1195 | 1701 | 1194 | 1702 | 1193 | 1192 | 1703 | 1704 | 1705 | 1706 | 1707 | 1191 | 1708 | 1709 | 1710 | 1190 | 1189 | 1711 | 1188 | 1712 | 1713 | 1714 | 1187 | 1186 | 1185 | 1715 | 1184 | 1716 | 1717 | 1183 | 1182 | 1718 | 1719 | 2 | -1 |
 -142 | 1 | 1247 | 1660 | 1661 | 1246 | 1662 | 1663 | 1664 | 1245 | 1665 | 1244 | 1243 | 1666 | 1667 | 1242 | 1241 | 1240 | 1668 | 1239 | 1669 | 1670 | 1671 | 1672 | 1238 | 1237 | 1236 | 1235 | 1234 | 1673 | 1674 | 1233 | 1232 | 1231 | 1675 | 1230 | 1676 | 1677 | 1229 | 1228 | 1227 | 1678 | 1679 | 1226 | 1680 | 1225 | 1224 | 1681 | 1400 | 1589 | 1621 | 1299 | 1622 | 1298 | 1623 | 1297 | 1624 | 1625 | 1296 | 1626 | 1295 | 1294 | 1627 | 1293 | 1292 | 1291 | 1290 | 1289 | 1628 | 1288 | 1629 | 1630 | 1287 | 1631 | 1286 | 1285 | 1632 | 1633 | 1284 | 1634 | 1283 | 1635 | 1636 | 1282 | 1281 | 1280 | 1279 | 1278 | 1637 | 1638 | 1639 | 1640 | 1277 | 1276 | 1641 | 1275 | 1274 | 1273 | 1272 | 1642 | 1271 | 1270 | 1643 | 1644 | 1269 | 1268 | 1267 | 1266 | 1645 | 1646 | 1647 | 1265 | 1648 | 1264 | 1263 | 1262 | 1261 | 1260 | 1649 | 1650 | 1651 | 1259 | 1258 | 1652 | 1257 | 1653 | 1654 | 1256 | 1255 | 1254 | 1655 | 1253 | 1252 | 1251 | 1656 | 1657 | 1250 | 1658 | 1249 | 1248 | 1659 | 2 | -1 |
 -144 | 1 | 1344 | 1561 | 1345 | 1346 | 1347 | 1348 | 1349 | 1560 | 1559 | 1558 | 1557 | 1350 | 1556 | 1351 | 1555 | 1352 | 1353 | 1358 | 1355 | 1554 | 1571 | 1343 | 1474 | 1456 | 1465 | 1330 | 1577 | 1459 | 1359 | 1578 | 1579 | 1329 | 1580 | 1581 | 1328 | 1327 | 1582 | 1446 | 1415 | 1409 | 1498 | 1497 | 1496 | 1583 | 1584 | 1585 | 1586 | 1326 | 1587 | 1588 | 1325 | 1565 | 1399 | 1532 | 1533 | 1378 | 1379 | 1527 | 1526 | 1525 | 1524 | 1380 | 1523 | 1522 | 1521 | 1181 | 1720 | 1721 | 1722 | 1180 | 1723 | 1724 | 1725 | 1726 | 1179 | 1178 | 1177 | 1176 | 1175 | 1727 | 1728 | 1174 | 1173 | 1729 | 1172 | 1730 | 1171 | 1731 | 1732 | 1733 | 1734 | 1735 | 1170 | 1169 | 1736 | 1737 | 1738 | 1739 | 1168 | 1167 | 1166 | 1165 | 1740 | 1741 | 1164 | 1163 | 1742 | 1162 | 1743 | 1161 | 1160 | 1744 | 1745 | 1746 | 1747 | 1748 | 1749 | 1750 | 1159 | 1158 | 1157 | 1156 | 1751 | 1155 | 1752 | 1154 | 1753 | 1754 | 1755 | 1153 | 1756 | 1757 | 1758 | 1152 | 1759 | 1760 | 1151 | 1761 | 1150 | 1149 | 1148 | 2 | -1 |
 -144 | 1 | 1323 | 1322 | 1321 | 1593 | 1320 | 1594 | 1595 | 1596 | 1319 | 1597 | 1318 | 1598 | 1599 | 1317 | 1316 | 1315 | 1314 | 1600 | 1313 | 1601 | 1312 | 1311 | 1310 | 1309 | 1602 | 1308 | 1603 | 1604 | 1307 | 1605 | 1606 | 1607 | 1608 | 1609 | 1306 | 1610 | 1611 | 1305 | 1304 | 1612 | 1613 | 1303 | 1614 | 1615 | 1616 | 1617 | 1618 | 1619 | 1302 | 1301 | 1620 | 1300 | 1589 | 1400 | 1492 | 1378 | 1379 | 1527 | 1526 | 1525 | 1524 | 1380 | 1523 | 1522 | 1521 | 1181 | 1720 | 1721 | 1722 | 1180 | 1723 | 1724 | 1725 | 1726 | 1179 | 1178 | 1177 | 1176 | 1175 | 1727 | 1728 | 1174 | 1173 | 1729 | 1172 | 1730 | 1171 | 1731 | 1732 | 1733 | 1734 | 1735 | 1170 | 1169 | 1736 | 1737 | 1738 | 1739 | 1168 | 1167 | 1166 | 1165 | 1740 | 1741 | 1164 | 1163 | 1742 | 1162 | 1743 | 1161 | 1160 | 1744 | 1745 | 1746 | 1747 | 1748 | 1749 | 1750 | 1159 | 1158 | 1157 | 1156 | 1751 | 1155 | 1752 | 1154 | 1753 | 1754 | 1755 | 1153 | 1756 | 1757 | 1758 | 1152 | 1759 | 1760 | 1151 | 1761 | 1150 | 1149 | 1148 | 2 | -1 |
 -146 | 1 | 1762 | 1147 | 1146 | 1763 | 1145 | 1764 | 1765 | 1766 | 1144 | 1143 | 1767 | 1142 | 1141 | 1140 | 1768 | 1769 | 1770 | 1771 | 1139 | 1772 | 1773 | 1774 | 1775 | 1776 | 1138 | 1777 | 1137 | 1778 | 1779 | 1780 | 1781 | 1782 | 1783 | 1136 | 1784 | 1135 | 1134 | 1785 | 1786 | 1133 | 1132 | 1131 | 1130 | 1787 | 1129 | 1128 | 1788 | 1789 | 1127 | 1126 | 1125 | 1124 | 1790 | 1791 | 1792 | 1123 | 1504 | 1505 | 1506 | 1507 | 1508 | 1509 | 1398 | 1397 | 1510 | 1396 | 1532 | 1531 | 1122 | 1121 | 1120 | 1119 | 1118 | 1793 | 1117 | 1794 | 1116 | 1795 | 1115 | 1114 | 1796 | 1113 | 1112 | 1797 | 1798 | 1799 | 1111 | 1110 | 1109 | 1800 | 1108 | 1107 | 1106 | 1105 | 1801 | 1802 | 1104 | 1103 | 1102 | 1101 | 1803 | 1100 | 1099 | 1098 | 1097 | 1804 | 1096 | 1095 | 1094 | 1093 | 1092 | 1091 | 1805 | 1090 | 1089 | 1806 | 1807 | 1808 | 1088 | 1087 | 1086 | 1085 | 1084 | 1809 | 1810 | 1811 | 1812 | 1813 | 1814 | 1815 | 1816 | 1083 | 1082 | 1081 | 1817 | 1080 | 1079 | 1078 | 1077 | 1818 | 1076 | 1819 | 1075 | 2 | -1 |
 -147 | 1 | 1323 | 1322 | 1321 | 1593 | 1320 | 1594 | 1595 | 1596 | 1319 | 1597 | 1318 | 1598 | 1599 | 1317 | 1316 | 1315 | 1314 | 1600 | 1313 | 1601 | 1312 | 1311 | 1310 | 1309 | 1602 | 1308 | 1603 | 1604 | 1307 | 1605 | 1606 | 1607 | 1608 | 1609 | 1306 | 1610 | 1611 | 1305 | 1304 | 1612 | 1613 | 1303 | 1614 | 1615 | 1616 | 1617 | 1618 | 1619 | 1302 | 1301 | 1620 | 1300 | 1589 | 1621 | 1299 | 1622 | 1298 | 1623 | 1297 | 1624 | 1625 | 1296 | 1626 | 1295 | 1294 | 1627 | 1293 | 1292 | 1291 | 1290 | 1289 | 1628 | 1288 | 1629 | 1630 | 1287 | 1631 | 1286 | 1285 | 1632 | 1633 | 1284 | 1634 | 1283 | 1635 | 1636 | 1282 | 1281 | 1280 | 1279 | 1278 | 1637 | 1638 | 1639 | 1640 | 1277 | 1276 | 1641 | 1275 | 1274 | 1273 | 1272 | 1642 | 1271 | 1270 | 1643 | 1644 | 1269 | 1268 | 1267 | 1266 | 1645 | 1646 | 1647 | 1265 | 1648 | 1264 | 1263 | 1262 | 1261 | 1260 | 1649 | 1650 | 1651 | 1259 | 1258 | 1652 | 1257 | 1653 | 1654 | 1256 | 1255 | 1254 | 1655 | 1253 | 1252 | 1251 | 1656 | 1657 | 1250 | 1658 | 1249 | 1248 | 1659 | 2 | -1 |
 -148 | 1 | 1344 | 1561 | 1345 | 1346 | 1347 | 1348 | 1349 | 1560 | 1559 | 1558 | 1557 | 1350 | 1556 | 1351 | 1555 | 1352 | 1353 | 1358 | 1355 | 1554 | 1571 | 1343 | 1474 | 1456 | 1465 | 1330 | 1577 | 1459 | 1359 | 1578 | 1579 | 1329 | 1580 | 1581 | 1328 | 1327 | 1582 | 1446 | 1415 | 1409 | 1498 | 1497 | 1496 | 1583 | 1584 | 1585 | 1586 | 1326 | 1587 | 1588 | 1325 | 1565 | 1339 | 1340 | 1564 | 1341 | 1342 | 1563 | 1856 | 1040 | 1857 | 1039 | 1858 | 1038 | 1859 | 1037 | 1036 | 1035 | 1034 | 1860 | 1861 | 1862 | 1863 | 1033 | 1864 | 1032 | 1865 | 1866 | 1867 | 1868 | 1031 | 1869 | 1870 | 1871 | 1030 | 1872 | 1029 | 1873 | 1028 | 1874 | 1875 | 1876 | 1877 | 1027 | 1026 | 1025 | 1878 | 1024 | 1023 | 1879 | 1022 | 1880 | 1881 | 1882 | 1021 | 1020 | 1883 | 1019 | 1884 | 1018 | 1017 | 1885 | 1886 | 1016 | 1887 | 1015 | 1888 | 1889 | 1014 | 1890 | 1891 | 1013 | 1892 | 1893 | 1894 | 1895 | 1896 | 1012 | 1897 | 1898 | 1011 | 1899 | 1010 | 1009 | 1008 | 1007 | 1900 | 1901 | 1006 | 1005 | 1004 | 1003 | 1902 | 1002 | 1903 | 2 | -1 |
 -149 | 1 | 1323 | 1322 | 1321 | 1593 | 1320 | 1594 | 1595 | 1596 | 1319 | 1597 | 1318 | 1598 | 1599 | 1317 | 1316 | 1315 | 1314 | 1600 | 1313 | 1601 | 1312 | 1311 | 1310 | 1309 | 1602 | 1308 | 1603 | 1604 | 1307 | 1605 | 1606 | 1607 | 1608 | 1609 | 1306 | 1610 | 1611 | 1305 | 1304 | 1612 | 1613 | 1303 | 1614 | 1615 | 1616 | 1617 | 1618 | 1619 | 1302 | 1301 | 1620 | 1300 | 1589 | 1400 | 1401 | 1502 | 1402 | 1501 | 1403 | 1404 | 1405 | 1406 | 1407 | 1500 | 1408 | 1499 | 1682 | 1223 | 1222 | 1221 | 1220 | 1683 | 1684 | 1219 | 1685 | 1686 | 1218 | 1217 | 1687 | 1688 | 1689 | 1690 | 1691 | 1692 | 1216 | 1693 | 1215 | 1214 | 1213 | 1212 | 1211 | 1694 | 1210 | 1209 | 1208 | 1695 | 1207 | 1206 | 1205 | 1696 | 1697 | 1698 | 1204 | 1203 | 1202 | 1201 | 1200 | 1199 | 1198 | 1699 | 1700 | 1197 | 1196 | 1195 | 1701 | 1194 | 1702 | 1193 | 1192 | 1703 | 1704 | 1705 | 1706 | 1707 | 1191 | 1708 | 1709 | 1710 | 1190 | 1189 | 1711 | 1188 | 1712 | 1713 | 1714 | 1187 | 1186 | 1185 | 1715 | 1184 | 1716 | 1717 | 1183 | 1182 | 1718 | 1719 | 2 | -1 |
 -150 | 1 | 716 | 715 | 714 | 713 | 2145 | 712 | 711 | 710 | 709 | 2146 | 708 | 2147 | 707 | 706 | 2148 | 2149 | 2150 | 2151 | 2152 | 2153 | 705 | 2154 | 2155 | 704 | 2156 | 703 | 702 | 701 | 700 | 699 | 2157 | 698 | 697 | 2158 | 2159 | 2160 | 2161 | 696 | 695 | 694 | 693 | 692 | 2162 | 691 | 690 | 2163 | 689 | 2164 | 688 | 2165 | 2166 | 687 | 2167 | 2168 | 686 | 685 | 684 | 2169 | 683 | 2170 | 682 | 681 | 2171 | 2172 | 2173 | 2174 | 2175 | 2176 | 2177 | 2178 | 2179 | 680 | 679 | 2180 | 678 | 2181 | 2182 | 2183 | 677 | 2184 | 2185 | 2186 | 676 | 675 | 674 | 673 | 672 | 2187 | 2188 | 1583 | 2189 | 671 | 2190 | 2191 | 670 | 2192 | 2193 | 2194 | 669 | 668 | 2195 | 667 | 666 | 2196 | 2197 | 2198 | 665 | 664 | 663 | 2199 | 662 | 661 | 2200 | 660 | 659 | 658 | 2201 | 2202 | 657 | 656 | 655 | 654 | 653 | 652 | 2203 | 2204 | 2205 | 2206 | 2207 | 651 | 2208 | 2209 | 2210 | 650 | 2211 | 2212 | 649 | 648 | 2213 | 2214 | 2215 | 2216 | 647 | 2217 | 646 | 2218 | 2219 | 2 | -1 |
 -153 | 1 | 1344 | 1561 | 1345 | 1346 | 1347 | 1348 | 1349 | 1560 | 1559 | 1558 | 1557 | 1350 | 1556 | 1351 | 1555 | 1352 | 1353 | 1358 | 1355 | 1554 | 1571 | 1343 | 1474 | 1456 | 1465 | 1330 | 1577 | 1459 | 1359 | 1578 | 1579 | 1329 | 1580 | 1581 | 1328 | 1327 | 1582 | 1446 | 1415 | 1409 | 1498 | 1497 | 1496 | 1583 | 1584 | 1585 | 1586 | 1326 | 1587 | 1588 | 1325 | 1565 | 1399 | 1532 | 1533 | 1378 | 1492 | 1400 | 1401 | 1502 | 1402 | 1501 | 1403 | 1404 | 1405 | 1406 | 1407 | 1500 | 1408 | 1499 | 1682 | 1223 | 1222 | 1221 | 1220 | 1683 | 1684 | 1219 | 1685 | 1686 | 1218 | 1217 | 1687 | 1688 | 1689 | 1690 | 1691 | 1692 | 1216 | 1693 | 1215 | 1214 | 1213 | 1212 | 1211 | 1694 | 1210 | 1209 | 1208 | 1695 | 1207 | 1206 | 1205 | 1696 | 1697 | 1698 | 1204 | 1203 | 1202 | 1201 | 1200 | 1199 | 1198 | 1699 | 1700 | 1197 | 1196 | 1195 | 1701 | 1194 | 1702 | 1193 | 1192 | 1703 | 1704 | 1705 | 1706 | 1707 | 1191 | 1708 | 1709 | 1710 | 1190 | 1189 | 1711 | 1188 | 1712 | 1713 | 1714 | 1187 | 1186 | 1185 | 1715 | 1184 | 1716 | 1717 | 1183 | 1182 | 1718 | 1719 | 2 | -1 |
 -153 | 1 | 1344 | 1561 | 1345 | 1346 | 1347 | 1348 | 1349 | 1560 | 1559 | 1558 | 1557 | 1350 | 1556 | 1351 | 1555 | 1352 | 1353 | 1358 | 1355 | 1554 | 1571 | 1343 | 1474 | 1456 | 1465 | 1330 | 1577 | 1459 | 1359 | 1578 | 1579 | 1329 | 1580 | 1581 | 1328 | 1327 | 1582 | 1446 | 1415 | 1409 | 1498 | 1497 | 1496 | 1583 | 1584 | 1585 | 1586 | 1326 | 1587 | 1588 | 1325 | 1565 | 1399 | 1532 | 1533 | 1378 | 1492 | 1400 | 1589 | 1621 | 1299 | 1622 | 1298 | 1623 | 1297 | 1624 | 1625 | 1296 | 1626 | 1295 | 1294 | 1627 | 1293 | 1292 | 1291 | 1290 | 1289 | 1628 | 1288 | 1629 | 1630 | 1287 | 1631 | 1286 | 1285 | 1632 | 1633 | 1284 | 1634 | 1283 | 1635 | 1636 | 1282 | 1281 | 1280 | 1279 | 1278 | 1637 | 1638 | 1639 | 1640 | 1277 | 1276 | 1641 | 1275 | 1274 | 1273 | 1272 | 1642 | 1271 | 1270 | 1643 | 1644 | 1269 | 1268 | 1267 | 1266 | 1645 | 1646 | 1647 | 1265 | 1648 | 1264 | 1263 | 1262 | 1261 | 1260 | 1649 | 1650 | 1651 | 1259 | 1258 | 1652 | 1257 | 1653 | 1654 | 1256 | 1255 | 1254 | 1655 | 1253 | 1252 | 1251 | 1656 | 1657 | 1250 | 1658 | 1249 | 1248 | 1659 | 2 | -1 |

completed sort_paths
Started flow_management
max_paths:40

***---STARTING PRINT ARR---***
major option[0]:-3
major option[0]:280
major option[0]:0
major option[0]:-1000

i_placeholder: 1

***---STARTING PRINT ARR---***
option:-4
option:0
option:0
option:1

while 0 < 2
ants_and_len[i] = 41
while 1 < 2
ants_and_len[i] = 45
cleared first while
i_placeholder: 2

***---STARTING PRINT ARR---***
option:-5
option:0
option:0
option:1
option:2

while 0 < 3
ants_and_len[i] = 41
while 1 < 3
ants_and_len[i] = 45
while 2 < 3
ants_and_len[i] = 52
cleared first while
i_placeholder: 3

***---STARTING PRINT ARR---***
option:-6
option:0
option:0
option:1
option:2
option:3

while 0 < 4
ants_and_len[i] = 41
while 1 < 4
ants_and_len[i] = 45
while 2 < 4
ants_and_len[i] = 52
while 3 < 4
ants_and_len[i] = 56
cleared first while
i_placeholder: 4

***---STARTING PRINT ARR---***
option:-7
option:0
option:0
option:1
option:2
option:3
option:4

while 0 < 5
ants_and_len[i] = 41
while 1 < 5
ants_and_len[i] = 45
while 2 < 5
ants_and_len[i] = 52
while 3 < 5
ants_and_len[i] = 56
while 4 < 5
ants_and_len[i] = 57
cleared first while
i_placeholder: 5

***---STARTING PRINT ARR---***
option:-8
option:0
option:0
option:1
option:2
option:3
option:4
option:5

while 0 < 6
ants_and_len[i] = 41
while 1 < 6
ants_and_len[i] = 45
while 2 < 6
ants_and_len[i] = 52
while 3 < 6
ants_and_len[i] = 56
while 4 < 6
ants_and_len[i] = 57
while 5 < 6
ants_and_len[i] = 57
cleared first while
i_placeholder: 6

***---STARTING PRINT ARR---***
option:-9
option:0
option:0
option:1
option:2
option:3
option:4
option:5
option:6

while 0 < 7
ants_and_len[i] = 41
while 1 < 7
ants_and_len[i] = 45
while 2 < 7
ants_and_len[i] = 52
while 3 < 7
ants_and_len[i] = 56
while 4 < 7
ants_and_len[i] = 57
while 5 < 7
ants_and_len[i] = 57
while 6 < 7
ants_and_len[i] = 60
cleared first while
i_placeholder: 7

***---STARTING PRINT ARR---***
option:-10
option:0
option:0
option:1
option:2
option:3
option:4
option:5
option:6
option:7

while 0 < 8
ants_and_len[i] = 41
while 1 < 8
ants_and_len[i] = 45
while 2 < 8
ants_and_len[i] = 52
while 3 < 8
ants_and_len[i] = 56
while 4 < 8
ants_and_len[i] = 57
while 5 < 8
ants_and_len[i] = 57
while 6 < 8
ants_and_len[i] = 60
while 7 < 8
ants_and_len[i] = 61
cleared first while
i_placeholder: 8

***---STARTING PRINT ARR---***
option:-11
option:0
option:0
option:1
option:2
option:3
option:4
option:5
option:6
option:7
option:8

while 0 < 9
ants_and_len[i] = 41
while 1 < 9
ants_and_len[i] = 45
while 2 < 9
ants_and_len[i] = 52
while 3 < 9
ants_and_len[i] = 56
while 4 < 9
ants_and_len[i] = 57
while 5 < 9
ants_and_len[i] = 57
while 6 < 9
ants_and_len[i] = 60
while 7 < 9
ants_and_len[i] = 61
while 8 < 9
ants_and_len[i] = 63
cleared first while
i_placeholder: 9

***---STARTING PRINT ARR---***
option:-4
option:0
option:0
option:9

while 0 < 2
ants_and_len[i] = 41
while 1 < 2
ants_and_len[i] = 65
cleared first while
i_placeholder: 10

***---STARTING PRINT ARR---***
option:-5
option:0
option:0
option:9
option:10

while 0 < 3
ants_and_len[i] = 41
while 1 < 3
ants_and_len[i] = 65
while 2 < 3
ants_and_len[i] = 66
cleared first while
i_placeholder: 11

***---STARTING PRINT ARR---***
option:-6
option:0
option:0
option:9
option:10
option:11

while 0 < 4
ants_and_len[i] = 41
while 1 < 4
ants_and_len[i] = 65
while 2 < 4
ants_and_len[i] = 66
while 3 < 4
ants_and_len[i] = 66
cleared first while
i_placeholder: 12

***---STARTING PRINT ARR---***
option:-7
option:0
option:0
option:9
option:10
option:11
option:12

while 0 < 5
ants_and_len[i] = 41
while 1 < 5
ants_and_len[i] = 65
while 2 < 5
ants_and_len[i] = 66
while 3 < 5
ants_and_len[i] = 66
while 4 < 5
ants_and_len[i] = 68
cleared first while
i_placeholder: 13

***---STARTING PRINT ARR---***
option:-8
option:0
option:0
option:9
option:10
option:11
option:12
option:13

while 0 < 6
ants_and_len[i] = 41
while 1 < 6
ants_and_len[i] = 65
while 2 < 6
ants_and_len[i] = 66
while 3 < 6
ants_and_len[i] = 66
while 4 < 6
ants_and_len[i] = 68
while 5 < 6
ants_and_len[i] = 78
cleared first while
i_placeholder: 14

***---STARTING PRINT ARR---***
option:-9
option:0
option:0
option:9
option:10
option:11
option:12
option:13
option:14

while 0 < 7
ants_and_len[i] = 41
while 1 < 7
ants_and_len[i] = 65
while 2 < 7
ants_and_len[i] = 66
while 3 < 7
ants_and_len[i] = 66
while 4 < 7
ants_and_len[i] = 68
while 5 < 7
ants_and_len[i] = 78
while 6 < 7
ants_and_len[i] = 78
cleared first while
i_placeholder: 15

***---STARTING PRINT ARR---***
option:-10
option:0
option:0
option:9
option:10
option:11
option:12
option:13
option:14
option:15

while 0 < 8
ants_and_len[i] = 41
while 1 < 8
ants_and_len[i] = 65
while 2 < 8
ants_and_len[i] = 66
while 3 < 8
ants_and_len[i] = 66
while 4 < 8
ants_and_len[i] = 68
while 5 < 8
ants_and_len[i] = 78
while 6 < 8
ants_and_len[i] = 78
while 7 < 8
ants_and_len[i] = 83
cleared first while
i_placeholder: 16

***---STARTING PRINT ARR---***
option:-11
option:0
option:0
option:9
option:10
option:11
option:12
option:13
option:14
option:15
option:16

while 0 < 9
ants_and_len[i] = 41
while 1 < 9
ants_and_len[i] = 65
while 2 < 9
ants_and_len[i] = 66
while 3 < 9
ants_and_len[i] = 66
while 4 < 9
ants_and_len[i] = 68
while 5 < 9
ants_and_len[i] = 78
while 6 < 9
ants_and_len[i] = 78
while 7 < 9
ants_and_len[i] = 83
while 8 < 9
ants_and_len[i] = 86
cleared first while
i_placeholder: 17

***---STARTING PRINT ARR---***
option:-12
option:0
option:0
option:9
option:10
option:11
option:12
option:13
option:14
option:15
option:16
option:17

while 0 < 10
ants_and_len[i] = 41
while 1 < 10
ants_and_len[i] = 65
while 2 < 10
ants_and_len[i] = 66
while 3 < 10
ants_and_len[i] = 66
while 4 < 10
ants_and_len[i] = 68
while 5 < 10
ants_and_len[i] = 78
while 6 < 10
ants_and_len[i] = 78
while 7 < 10
ants_and_len[i] = 83
while 8 < 10
ants_and_len[i] = 86
while 9 < 10
ants_and_len[i] = 87
cleared first while
i_placeholder: 18

***---STARTING PRINT ARR---***
option:-13
option:0
option:0
option:9
option:10
option:11
option:12
option:13
option:14
option:15
option:16
option:17
option:18

while 0 < 11
ants_and_len[i] = 41
while 1 < 11
ants_and_len[i] = 65
while 2 < 11
ants_and_len[i] = 66
while 3 < 11
ants_and_len[i] = 66
while 4 < 11
ants_and_len[i] = 68
while 5 < 11
ants_and_len[i] = 78
while 6 < 11
ants_and_len[i] = 78
while 7 < 11
ants_and_len[i] = 83
while 8 < 11
ants_and_len[i] = 86
while 9 < 11
ants_and_len[i] = 87
while 10 < 11
ants_and_len[i] = 88
cleared first while
i_placeholder: 19

***---STARTING PRINT ARR---***
option:-14
option:0
option:0
option:9
option:10
option:11
option:12
option:13
option:14
option:15
option:16
option:17
option:18
option:19

while 0 < 12
ants_and_len[i] = 41
while 1 < 12
ants_and_len[i] = 65
while 2 < 12
ants_and_len[i] = 66
while 3 < 12
ants_and_len[i] = 66
while 4 < 12
ants_and_len[i] = 68
while 5 < 12
ants_and_len[i] = 78
while 6 < 12
ants_and_len[i] = 78
while 7 < 12
ants_and_len[i] = 83
while 8 < 12
ants_and_len[i] = 86
while 9 < 12
ants_and_len[i] = 87
while 10 < 12
ants_and_len[i] = 88
while 11 < 12
ants_and_len[i] = 90
cleared first while
i_placeholder: 20

***---STARTING PRINT ARR---***
option:-4
option:0
option:0
option:20

while 0 < 2
ants_and_len[i] = 41
while 1 < 2
ants_and_len[i] = 97
cleared first while
i_placeholder: 21

***---STARTING PRINT ARR---***
option:-5
option:0
option:0
option:20
option:21

while 0 < 3
ants_and_len[i] = 41
while 1 < 3
ants_and_len[i] = 97
while 2 < 3
ants_and_len[i] = 99
cleared first while
i_placeholder: 22

***---STARTING PRINT ARR---***
option:-4
option:0
option:0
option:22

while 0 < 2
ants_and_len[i] = 41
while 1 < 2
ants_and_len[i] = 101
cleared first while
i_placeholder: 23

***---STARTING PRINT ARR---***
option:-4
option:0
option:0
option:23

while 0 < 2
ants_and_len[i] = 41
while 1 < 2
ants_and_len[i] = 101
cleared first while
i_placeholder: 24

***---STARTING PRINT ARR---***
option:-5
option:0
option:0
option:23
option:24

while 0 < 3
ants_and_len[i] = 41
while 1 < 3
ants_and_len[i] = 101
while 2 < 3
ants_and_len[i] = 112
cleared first while
i_placeholder: 25

***---STARTING PRINT ARR---***
option:-4
option:0
option:0
option:25

while 0 < 2
ants_and_len[i] = 41
while 1 < 2
ants_and_len[i] = 117
cleared first while
i_placeholder: 26

***---STARTING PRINT ARR---***
option:-5
option:0
option:0
option:25
option:26

while 0 < 3
ants_and_len[i] = 41
while 1 < 3
ants_and_len[i] = 117
while 2 < 3
ants_and_len[i] = 130
cleared first while
i_placeholder: 27

***---STARTING PRINT ARR---***
option:-4
option:0
option:0
option:27

while 0 < 2
ants_and_len[i] = 41
while 1 < 2
ants_and_len[i] = 134
cleared first while
i_placeholder: 28

***---STARTING PRINT ARR---***
option:-5
option:0
option:0
option:27
option:28

while 0 < 3
ants_and_len[i] = 41
while 1 < 3
ants_and_len[i] = 134
while 2 < 3
ants_and_len[i] = 138
cleared first while
i_placeholder: 29

***---STARTING PRINT ARR---***
option:-4
option:0
option:0
option:29

while 0 < 2
ants_and_len[i] = 41
while 1 < 2
ants_and_len[i] = 139
cleared first while
i_placeholder: 30

***---STARTING PRINT ARR---***
option:-5
option:0
option:0
option:29
option:30

while 0 < 3
ants_and_len[i] = 41
while 1 < 3
ants_and_len[i] = 139
while 2 < 3
ants_and_len[i] = 139
cleared first while
i_placeholder: 31

***---STARTING PRINT ARR---***
option:-6
option:0
option:0
option:29
option:30
option:31

while 0 < 4
ants_and_len[i] = 41
while 1 < 4
ants_and_len[i] = 139
while 2 < 4
ants_and_len[i] = 139
while 3 < 4
ants_and_len[i] = 141
cleared first while
i_placeholder: 32

***---STARTING PRINT ARR---***
option:-4
option:0
option:0
option:32

while 0 < 2
ants_and_len[i] = 41
while 1 < 2
ants_and_len[i] = 141
cleared first while
i_placeholder: 33

***---STARTING PRINT ARR---***
option:-5
option:0
option:0
option:32
option:33

while 0 < 3
ants_and_len[i] = 41
while 1 < 3
ants_and_len[i] = 141
while 2 < 3
ants_and_len[i] = 143
cleared first while
i_placeholder: 34

***---STARTING PRINT ARR---***
option:-6
option:0
option:0
option:32
option:33
option:34

while 0 < 4
ants_and_len[i] = 41
while 1 < 4
ants_and_len[i] = 141
while 2 < 4
ants_and_len[i] = 143
while 3 < 4
ants_and_len[i] = 144
cleared first while
i_placeholder: 35

***---STARTING PRINT ARR---***
option:-7
option:0
option:0
option:32
option:33
option:34
option:35

while 0 < 5
ants_and_len[i] = 41
while 1 < 5
ants_and_len[i] = 141
while 2 < 5
ants_and_len[i] = 143
while 3 < 5
ants_and_len[i] = 144
while 4 < 5
ants_and_len[i] = 145
cleared first while
i_placeholder: 37

***---STARTING PRINT ARR---***
option:-4
option:0
option:1
option:37

while 0 < 2
ants_and_len[i] = 45
while 1 < 2
ants_and_len[i] = 147
cleared first while
i_placeholder: 38

***---STARTING PRINT ARR---***
option:-5
option:0
option:1
option:37
option:38

while 0 < 3
ants_and_len[i] = 45
while 1 < 3
ants_and_len[i] = 147
while 2 < 3
ants_and_len[i] = 150
cleared first while
i_placeholder: 39

***---STARTING PRINT ARR---***
option:-4
option:0
option:1
option:39

while 0 < 2
ants_and_len[i] = 45
while 1 < 2
ants_and_len[i] = 150
cleared first while
i_placeholder: 40

***---STARTING PRINT ARR---***
option:-4
option:0
option:1
option:40

while 0 < 2
ants_and_len[i] = 45
while 1 < 2
